Language="SR", model_type="electra", model_name="classla/bcms-bertic"
values=tensor([654, 519, 507, 489, 426, 368, 365, 342, 337, 337, 330, 326, 299, 291,
        287, 279, 277, 274, 266, 264, 254, 251, 251, 247, 240, 237, 225, 222,
        220, 211, 206, 202, 198, 195, 189, 186, 185, 176, 175, 173, 173, 173,
        170, 168, 166, 164, 161, 159, 158, 157]),
indices=tensor([1999, 1759, 3755, 3271, 1760, 1753, 1747, 1973, 1876, 1741,  998,  701,
        1744, 3458, 3913, 1878, 1350, 4044, 3906, 3654, 3272, 2421, 2094, 3905,
        2868, 1766, 2109, 1823,  997, 1529, 3915, 2066, 3044, 3636, 4531,  982,
        3908, 3912, 2010, 4188, 2881, 2114, 1547, 2411, 4139, 2406, 1870, 2874,
         983, 3275]))

Language SR, model_name = bert-base-multilingual-cased, model_type = bert
values=tensor([901, 625, 509, 507, 466, 458, 442, 403, 396, 388, 362, 343, 311, 305,
        291, 287, 285, 280, 269, 266, 261, 256, 255, 254, 254, 246, 242, 240,
        234, 221, 218, 215, 211, 208, 205, 202, 200, 193, 188, 186, 186, 183,
        182, 178, 174, 173, 173, 172, 166, 165]),
indices=tensor([1999, 1759, 1760, 1973, 3755, 1753, 1747, 3271, 1741, 1876, 1744, 2094,
        1878, 2109, 1766, 1350, 4044,  701, 2066, 3654, 1823, 3913, 2114, 3905,
         998, 3906, 2010, 2421, 4531, 3458, 1529, 2868, 1793, 3272, 4139, 1981,
        3636, 1547, 4188, 3915, 1870,  997, 2036, 1956, 2411, 3908, 1737, 2500,
        2406, 3044]))

Language SR, model_name = xlm-roberta-base, model_type = xlmroberta
values=tensor([720, 560, 437, 417, 414, 414, 408, 398, 357, 337, 313, 297, 288, 265,
        258, 257, 257, 253, 251, 243, 240, 238, 238, 231, 227, 223, 217, 217,
        207, 205, 204, 199, 193, 191, 179, 175, 174, 172, 168, 167, 166, 165,
        160, 159, 156, 156, 155, 154, 153, 152]),
indices=tensor([1999, 1759, 1760, 1973, 3755, 1753, 3271, 1747, 1876, 1741, 1744, 2094,
        1878, 2109, 1350,  701, 1766, 3458, 4044, 2066, 3654,  998, 2421, 1823,
        3913, 1529, 3272, 3906, 2010, 2868, 4531, 2114, 4139, 3905, 3044, 1547,
        1793, 3636,  997, 1870, 3915, 2411, 4188, 1981, 1737, 2500, 1956, 2874,
        2406, 2036]))

Language EN, model_name = google/electra-base-discriminator, model_type = electra
values=tensor([1170,  805,  669,  563,  542,  523,  519,  476,  396,  383,  375,  372,
         345,  340,  340,  335,  322,  319,  318,  310,  308,  297,  282,  279,
         277,  276,  276,  260,  255,  247,  246,  241,  241,  236,  235,  233,
         229,  225,  224,  221,  216,  216,  215,  212,  209,  206,  203,  202,
         195,  193]),
indices=tensor([2383, 2454,  298, 1832, 4239, 4252, 4116, 4114, 3488, 4111, 4015, 1277,
        2596, 4087, 4107, 1382, 1274,   48, 1825, 3486, 1803, 1275, 1278,   21,
        2453, 4110, 1759, 4090, 1834, 1320, 1892, 4132, 2949, 1905,  246,   28,
        1154, 1771,  343,  765, 4856, 4069, 1313, 3959, 4112, 2455,  905,  363,
        1159, 2557]))

Language EN, model_name = bert-base-multilingual-cased, model_type = bert
values=tensor([1576, 1178,  722,  716,  697,  581,  566,  548,  537,  481,  432,  421,
         413,  412,  382,  379,  377,  373,  363,  361,  358,  345,  343,  342,
         327,  327,  323,  307,  305,  292,  287,  283,  279,  276,  273,  271,
         263,  261,  258,  256,  250,  249,  247,  247,  246,  245,  240,  232,
         230,  230]),
indices=tensor([2383, 2454,  298, 4239, 4252, 4116, 1832, 1803, 4114, 4111, 1277, 3488,
        2596, 4015, 4087, 1154, 1274, 1382, 1825, 4856, 4107, 3486, 1320, 1275,
          48, 4090, 1278, 2453, 1759, 4110,   21,  765, 1834,   28, 4510, 1892,
        4069,  246, 2949, 4132,  343, 1905, 3959, 2682, 4112, 1771, 4539, 1159,
        4338, 2268])

Language EN, model_name = xlm-roberta-base, model_type = xlmroberta
values=tensor([1502,  966,  710,  621,  602,  570,  547,  506,  475,  468,  432,  424,
         388,  386,  385,  380,  352,  343,  339,  338,  332,  325,  322,  320,
         309,  308,  307,  294,  289,  273,  267,  264,  263,  261,  257,  257,
         255,  254,  254,  252,  250,  247,  237,  235,  232,  230,  230,  222,
         221,  219]),
indices=tensor([2383, 2454,  298, 4239, 4252, 4116, 1832, 4114, 4111, 1803, 3488, 2596,
        4087, 1277, 1382, 4015, 4107, 3486, 1274, 1825,   48, 1759, 1154, 1320,
          21, 1275, 4856, 1278, 4090, 1834,  246,   28, 4132, 1905,  765, 4110,
         343, 4069, 2949, 1892, 3959, 2453, 2682, 1771,  958, 4338, 2268, 4112,
        4510,  363]))

